0.5290708542   39254208     20768257     24570130 2063890920
0.4273090363   39876006     17039378     19517142 1639439928
0.3352730274   41452753     13897990     15503330 1302279720
0.2633159161   42838275     11280000     12314982 1034458488
0.2099900246   43420129      9117794      9782336  821716224
0.1746590137   42055014      7345287      7770543  652725612
0.1377443473   42840985      5901104      6172487  518488908
0.1063649654   44472155      4730279      4903080  411858720
0.0831679821   45509143      3784904      3894734  327157656
0.0721255143   41927668      3024055      3093760  259875840
0.0556707382   43349943      2413323      2457511  206430924
0.0435233831   44208992      1924125      1952110  163977240
0.0346727738   44211566      1532938      1550648  130254432
0.0270584752   45107780      1220548      1231749  103466916
0.0207599004   46789818       971352       978433   82188372
0.0165304078   46746477       772738       777213   65285892
0.0134976471   45530025       614548       617375   51859500
0.0102070709   47871095       488624       490409   41194356
0.0082876285   46868249       388427       389554   32722536
0.0066492347   46430640       308728       309440   25992960
0.0051135462   47980924       245353       245802   20647368
0.0039676504   49139504       194968       195252   16401168
0.0031299487   49495694       154919       155098   13028232
0.0024416874   50411455       123089       123202   10348968
0.0019341987   50560313        97794        97865    8220660
0.0015381644   50510855        77694        77739    6530076
0.0011961737   51600871        61724        61752    5187168
0.0009388940   52226427        49035        49053    4120452
0.0007455959   52245044        38954        38965    3273060
0.0005911698   52345140        30945        30952    2599968
0.0004693750   52372835        24582        24587    2065308
0.0003725843   52412730        19528        19531    1640604
0.0002963687   52344285        15513        15515    1303260
0.0002352971   52375780        12324        12325    1035300
0.0001878944   52105251         9790         9791     822444
0.0001493103   52089843         7778         7778     653352
0.0001178694   52420017         6179         6179     519036
0.0000937187   52378212         4909         4909     412356
0.0000737417   52885779         3900         3900     327600
0.0000588731   52620458         3098         3098     260232
0.0000466275   52779075         2461         2461     206724
0.0000367340   53219730         1955         1955     164220
0.0000289723   53602352         1553         1553     130452
0.0000229449   53780442         1234         1234     103656
0.0000183473   53467935          981          981      82404
0.0000145111   53751524          780          780      65520
0.0000115644   53612423          620          620      52080
0.0000090151   54686044          493          493      41412
0.0000072664   53946710          392          392      32928
0.0000056954   54781156          312          312      26208
0.0000047696   51995584          248          248      20832
0.0000036990   53256917          197          197      16548
0.0000029140   53878007          157          157      13188
0.0000023761   52608270          125          125      10500
0.0000019181   52136181          100          100       8400
0.0000015509   51583011           80           80       6720
0.0000012588   50843533           64           64       5376
0.0000010388   49094845           51           51       4284
0.0000008390   48870143           41           41       3444
0.0000006999   47152724           33           33       2772
0.0000005899   45766812           27           27       2268
0.0000005047   43586529           22           22       1848
0.0000004282   42031893           18           18       1512
0.0000003382   44351845           15           15       1260
0.0000002656   45181897           12           12       1008
0.0000002160   46296074           10           10        840
0.0000001677   47710262            8            8        672
0.0000001447   48377215            7            7        588
0.0000001181   50811940            6            6        504
0.0000000972   51437222            5            5        420
0.0000000727   55010138            4            4        336
0.0000000478   62803161            3            3        252
0.0000000254   78658737            2            2        168