010101110100111101111100
101111000101000011100001
011101100101110110000011
100100101001111111110100
011100011011111111010011
100100010101111110100011
101110110011010111000010
101001011111011100011000
110011000000000010111111
110101100111011001100011
000111100111010101111110
011011100000001111111111
100010111100010110100110
001111011101011111010000
011101001011101110000101
000000100110110111110011
110101111010010101011110
100100100111011000101000
100000010101101110111011
010001101111100100011010
000110010100001010100010
100100110111001000000111
010011101000001011010000
001110101011010100101111
001010100110010011001000
110000000110100000101111
100101011111110011111111
010101010101100000110100
111011100110011000011000
001111010111111111111000
011011101110011111000000
011111000010101011111110
011001011010000101111100
101001100000000110011110
001101000011010110110001
001100010000010111110111
110000000110000101100100
100100110000100011110011
100101100010100100000011
000100011111001011100101
011101111001100010011000
011000001110010110100011
011100100100000001110011
000111101000101010111001
110111111111010010000010
100111010001100100011000
111100101001001111110000
010010110011011011100111
111000001100100101111001
000100100000100111101011
010011100100111000101001
001111011100100101011010
000010001111101100001010
110111111100000001111001
011001001000111011001001
011100110101011000011110
101111001111000001011001
101111000110101000010101
110001001001111000110100
100011010101010101110000
010001001001100110111000
000110010011010001100101
100101000111110101110100
111001110011000110101000
111011111010110111001000
010000011111110010000110
111001011110110110111100
011101100010011100001111
001011001010100010101001
001100010001010110101000
110100111101011010010110
010011101010010101100111
111111011101111010110011
001111000111110000101110
100110001101011011001000
011010011011111001000000
101010101001010101111110
010110100010111101101111
001011000011111101101010
100001100110110100000001
111101100010011010000101
101111011011110000011101
111101001110111000010010
000110101101111100100101
110010101101101010010110
011011100110111110111111
110101011100111110000001
101101110011111000101000
000001011010000011101010
111111100011011110111101
100101011111100011101111
001111001101110111000001
001111111100011111011101
110100101000100001000011
011000011000111000010111
010000111000101101010001
010111111110111100010011
001100101110011000001111
101011111010101011000010
101111110100111100011011
111111010100000100010000
010101100101111010100100
110110011101001110010111
111111101001001100101010
111111001100100010100000
000011000001111100111010
100010110010111110010110
010111101101101000100010
111010110011011010100000
100000111000101100011011
000101010110100101100101
000010011001100011110100
111000001110010001100000
011000111100001010000110
100101000100101110111111
010111110001010000011101
000011010110001101110001
011011101101110011100100
010010010111110000001010
001110101111000111000110
110001100110010010011011
011011100011010100110110
010100000000101100110111
011101100010011010010110
110000000101110110100011
100011000110010001010111
111011010001101100110110
001011111110100100101100
010100111100110101111000
011001111110100110101100
110001011111010011100001
011111010100100101000011
001011111001010110011010
111100101100110111101000
110101100111001010111101
100110110011100110011010
011010110010010111010011
011011010001110011000010
011100100010001110110010
111100101010000100100001
110001010101001001101001
011011010100100010100011
111010000011000100101111
001111100100001010111110
000010111111000001111111
011000010010100011011011
100010001011101101000001
100101000010100010010101
000001001000011010000000
001111111001001110010001
100000100010101011010001
001100100010001000011000
111101000010001110101001
000000100110000110100110
000010011100111110001110
100101001000110001000100
011001101111101010011101
001100100110001101101011
110101001111000010111111
010011000000110111101101
001101011101100000110010
110011000101010110100111
111110011001001111111110
101111111001000010111110
100101101001011111011011
111010100100100010101101
000001101000110101101010
010010100101100000011100
111010100010101101011010
001000101011110110000100
011000001011110111110111
111000000110111001101010
100110001011101001000000
111011010111000010111101
101110010001010110110100
010000110110010100100000
100010110110100100110111
110111011010101011100111
011010100000001000111000
100111011001011011100101
000101111010001001100011
110011101100011110101011
111000011001000010011011
100001010110110011010100
001010010100110101001111
100011111000110011101111
011010011100100011010101
011110000100000001001011
101011101010011001000010
111110100110111011010100
011111001011101010101010
110010100010010101100011
000111111011001001000100
000111111111100010101010
001000001010001111101110
000101100010001010001100
001000001101101000001001
110000000001111010010101
101011110010000000010001
001100000101100100011011
110101100010011100111001
101101001001001010110100
100100100000100111000010
010000001101000001111000
011100111010110010000011
010001001000001100101000
111001100010010111011001
110101101101110100010011
000101001000001000001000
010010111001110100010000
011001000010000000111010
011101110001101011011111
011000110001111011100010
100111011010011010011111
001011010110000010110010
100000010001111010000000
111111011000101001100110
001101101101111000100010
101011110101101001011101
000000011110001001000010
111001001010001011101100
011001000011000101110001
111011100101111001000000
001111110110000000111101
010000011101000011111010
111110011110100101101111
001101111111101011101010
011101100110101110001011
011010011010001100000000
100011000010010101000100
111001001110100001111001
110000110000001101001111
010011000100101110100011
100000100110001000111000
100111011101111111111110
100110010010111011010010
000001110010100011100001
101111100111110010000010
011101101001100101101000
110100000100100001100110
011000000010001101001011
100100100111000101110111
111100010100111110000000
101110111011010111011010
000011101111011111110010
011110111111101110100111
101011101111100011000100
001010000110011011000111
101011100000111110111010
010011110001010110100100
011010000110110011000101
101000001101101011111111
000110001110111111000100
100000111001101100001100
000100111100011100010011
001010011101001101110100
000101010011010100001101
100101101000101010111100
001000010001000111110111
011001011101100101111110
110111011100100001100110
001000101111101000010101
100011111110010110110011
001010110010110010011110
100011010000000011001010
110111101001010100100111
001010000001100101110000
111011001110101110111011
111111101110111110010001
100001000011010010101000
110110001101111100101010
101101001011010000001010
101111000101111000010011
010001010110101111100000
110000111010001000000001
010010101011110010001100
100111000000110000101010
110110001011010011111110
000001001011101101111001
000011011000011101011100
000100100011001010110011
101010100100111101010000
100111100110110000100010
101011101101000001001100
001000010001011010100100
111100110011111001011100
111011010011110100000010
001001000001010100010000
111110110100011010100110
001001110001000011011011
111011110000100000011010
001110011110011101101100
010110001010100011110011
101001000101100110110010
000001100000110010010100
001001101100010001011000
000011000101000000111111
111000001110100010010110
100011000001011101000101
001000001111010110110111
100100110110011101100100
100110111100000111010000
010010001101111110010000
100010010100000111010011
101101101100001111110010
010001011001011000001111
100001110101000110100010
101110100000100110111110
000000110001110011111111
101010100010010011100010
100010100011101100101011
110100100101001100111010
010001011010101000110110
100101010000111101001010
011101001011000111000010
110101110110010000010010
111000000110101000100101
011110101100100010111110
110111111011100101000011
101000010010111110011010
100101010101000001110001
101110011010111101001011
011100001101100010101010
001101100101101111011101
010010110101110101011011
110001011010100101110101
110100101001001101111100
111111111010011100010101
011100001101011110100000
001111111101000011010100
111000110011001101000000
011001010101110100000001
011101110100101100110011
000111110100001101011101
000011110011101111111111
000001011011100100000010
110101100101010110111010
100101111111111100110100
101011001001000110110110
001100001110000010011001
110001110011010101101011
001001101100101011000010
111001000011101011001001
011010111110011100101101
110111100100010000010000
010111111110000001001010
100111111010111000100001
110001100111110111110000
011000101000101110010001
000111101110100100110011
010000001010001010000111
000011000000010101001010
011010010000101101101101
110011000010101000001000
001010010100000010111011
111101111011010000001110
000100011110110110000001
110100111010011011111001
011001011100111111101100
100110010111011011111001
100101110101000011100100
000000000000010010000011
100101000110010101100011
011000010000101111000010
010010000011111000010001
000001111110011000001100
110111101100000111000101
011111001101000000010111
001101000100111010100101
000101010101100101011101
000000010001000001001110
100001001011011000010101
100010100001110011011010
011000100100000110001101
010011011111001010111000
100010001001000110110101
100100000111011000010011
001101011001000010111110
001111111001100101100111
111111100110010010110010
100011010001011001110011
110111110000101100011011
011110011101000110000001
011101011010110000100110
100101110100001111110010
010011101111000111110010
111111001111011010011000
001111101011101110011110
010100010101111110110101
010110100111010000110111
010011110011111000001110
100011010000100110000100
110011001010000111011110
011011111111101000110001
100000001100001001101100
110001111111110011010111
000000111001001001111001
101010101100000101000010
110110011100111001000100
000100000101100011011101
101110001111010101011001
101101001001100100001000
000011111101110010000000
111100001111010110011101
010001001011011100100100
001111011111000000010110
100000111110000010111110
000001000000001100101101
101100011110111100000000
011111101111101100011011
111011111101010110011010
001001010100001011101111
011010001011011001101000
001000110101100110011010
001101011001011001001011
011000111110011101001100
011110000111101010011010
011111110100000101001000
011011000010000011011011
011011100110010100001110
101010101110000000001100
100111011110011100010001
100101000110001110111000
110001110101011110101010
111001110100110110101011
010100010010000010101010
110001011100111001001000
010010000100001001100110
000000011010110110100010
001010111101001101100010
100000111111011101011000
001100100100010110110100
001010111010001110101111
010101001101111110111001
010111100000000101100001
011111111011011000101111
000100100010001000100000
000010101001010111011011
000110100100011101011100
110110000000110111010101
110110001011000101101011
000010001001111110111101
011111000111110110111000
000001001100000000001111
100000100000001100100111
110000010101110111111011
110011100111101010110000
011001101110101111011001
011010001001111011000000
001111010001110111000010
001001101000101001101010
010101001100100111100010
001000010001101110010110
101100111011100011001110
011010100110001101010100
000101101110011011001111
010101011001011100100010
100000101100000000001011
000011001010011000111101
001101000111110000011101
101100010111101101000001
100111001110110011001101
011110110010101111111110
100010101100101100111010
111000101001111010011111
010001001111001000101011
101100111100101000000110
001101110010011001110110
000010010111001111000011
110000100001100000110110
001100111111110100000001
100011001010000111101001
111111100001111100110001
001110110101010001010101
101111000111111000001100
010110101011110101000000
101101100010011000101111
000110110001000111001111
001110000000110110110111
111000011110110000000110
110000000001100100111101
111100101011010001001000
111100001000001011100011
101101000111001101000001
010001110000110000001010
101010101011111101100001
010100110010111000100101
101111101011110110111000
110100101100110111111011
110011100010000010111000
100000110011011011100011
001011001001111110011001
101100110011101101011110
011000111111100010010110
011111111110111001101010
111001110110001010111100
111010111001100110101011
101110011011101110001001
100110110100101111010101
001000111011011010101000
010110011011100101011011
111111000011111110110010
100001010010011110001110
001101100001111100010010
011001010011101100111011
010010000110111100001101
101001111010000001110100
101001000101101101111100
110100101011011110111010
110110000110000101011010
111110111101101111111011
000011110010011111011011
101011011011010000111101
000010011010010100011000
100111000100110101111111
100001011001010010100011
000101010100101011101100
110111010101010010001000
000000010011110000100110
000101011111110100011101
010111011000010011101101
101100101001111011100011
111000111110001110111100
010110111111000100001001
011000100000000100100000
011011010100111110001101
111101110101001101000101
100101000101110000001000
001101110001010101100011
101100111010010111010010
000000001001110001110011
001001100011001111000111
001011000110010110010000
010001010111011100111000
100011101101101000101110
101100010111001010110011
000001101010001111010000
011110100101100011101001
000001101000001011110110
010101101000000100111110
111110010111110001110100
100010000110010000010100
011011011111111001110011
011011110000111001111111
101011000010101100001101
000110001111100001001110
111110011011100011110011
101010011011111110110011
111001001001100100000101
001110000010111001100100
010000101000001101101001
110100110001011101111100
011010001001100100110011
100101010011110110100110
011001011000101000010011
010000101011000100111110
111111010010000000110001
001100010111010100001101
101100010011011000101100
100100001000001110011000
101011010000100110011011
000111010100010111001010
000101011010000001001101
010010101001001100111101
011100001011111010010001
011110101100010011010001
011110010000011100110001
110100001111001001000101
000100101100101110101100
110001000001000110100111
111111100001101011010100
101101010100101111011111
111110001111001000000110
000011010001001001010110
110111110111100110100100
111000110111011000100011
000010111101000011000111
010110001001100101101011
010101001000011000010101
101001110101011011001101
000110010101101101011100
010001000010100101011010
001011000010010101110100
110100110101100100001000
000100010011111100011001
110010110001000100100010
111101110110011110100111
001111100101111001001001
010100000110110000001001
100100000110111010010011
111110101000000011000111
101110011111100111100110
001110000011000011111101
111010001101111010011011
100110101110011100010110
101010011110010011100110
101010000000001100010111
100000101101011110001001
011000100110100010110111
000110000111101101100111
111010010010010111101010
100100101111010100100100
011101110100001010010000
000100000110100111101010
100111100101011001001001
110000100110100111001000
011100111111010000000100
001000010000011111010110
101010011000110110110011
000100010011100010100111
010110100110100101000101
110110011101111000101110
111100100110011110111110
000000001110010010100101
011011011100100111101000
100111010100000101100111
010000000010111001100111
011101100010101110011011
110100001111011001010000
110000110111110101100101
010110010101110011101101
011000111000001001011000
101101110010010111101111
001011100001011001010110
111110101011101000000111
100111000000011100001100
001001110101000001101101
011010011101010111010000
110110111100011111101000
010100011011101100011100
011000110101001111000110
001000001110010001000101
000010010110101110011011
100011011000111011101110
000010100101100001110111
111100100010101111100000
110111010111001101110111
010110110101011001110000
000111100010001110000000
101100010001101100001010
110110000110000101101010
100101010110001010100010
111000000001011001111001
010100111100101011001000
011101101100111000111101
000110011100010111001010
010100110010110100001100
100101001001111000010001
100100001110110000011000
100100110000001000110011
010110000001110010110110
011010111010000011001100
100001011111111010101101
000010011000100001100000
111001111111100110000100
100011101110101010110001
111110101000010101011011
011010100100110000110111
001010000111011111100000
011100111000010100110111
001000110011101010110000
001101100001101101101110
011111010011110010010101
010010100011011000110110
110010101100001101011001
110110101110010010100111
100001101011101010001111
110110001101110100011100
000110010110010010110100
101010010101010100100100
101111001000000111010000
110000000110000001110001
101010111100110011110110
011000100010001110101001
010001000000110111000101
001011000010101010000001
110100100000001101110001
001110010011011001110101
011010111111110011001101
000011001011000110100011
100011100010100001010101
010110011101111010101100
000000011111001000100001
010001001110001100101000
001000101110000111011100
101001000000110000000100
100011000111101001110101
001001111100011001101010
011011010000010110110101
100010110011111111100100
110000011011100100011111
011110110000101000011000
001011010111010100111110
111010011000010111010110
110001011111100010011001
100001110110100001110110
101011000010110001000011
110011101110110001001000
111101000110010001100010
011101100010110001100000
010110001000100111010101
000110011011111000001101
010001000111101010001011
111101010001001011101010
110000010111111011111100
011010010111010111111011
110010000000011010101101
111010100011110100011001
011000110101110001000111
101001110000100011011110
000100010011111101101000
101010100010001011000110
000111010010000010101010
100110101100110000101011
100001110100101101000000
001011001001000100101110
010001001100110000111101
111010101111111100000100
011001001000001001001010
001010011100001010111110
011100100011000001000100
110110000101010010001110
111100111101110010000101
101011001001111100000100
110101000100111111010000
001110010010110101100011
010001110111101101000100
100000100011110001101101
000100100001100010001110
011010011100011000010111
000011110100001101110011
111110001111111100011111
110110110010011111100100
000011010000000010111011
010100100011110011011000
000001101011001101011110
010000111101111100101110
001010011101001000001101
111010110001000011111111
011111011100001110001010
000011010111010010100100
011001110101010110010100
001010010000011110100111
101111100011010101101101
100100001111101001100001
000010011100100101110100
111100010010010110010101
011001100000010110100101
111101111001011001010001
111000010011001001001000
011011010110001101110110
100111010110000000110101
111101000110100011000000
001000010111010110100101
010111011100001100110011
000110011010101011011111
110110011101101111101001
001001010000100010001000
001010111001101011101001
000100000001000101100011
110101111011001011111101
001001101101101000110101
001010000101101010010111
110010011101111101100110
000101001010011110011100
111000111101001010100010
000001001111010000011001
111101011110100111000111
110001011111001001001111
100101011101000001101001
001011110100111011111011
011011111010001101011110
011110100100010101001001
000101001111000110010111
110001011011010011100111
010010101011110101111001
010010111110000001110010
101111011010001000100011
011101111110111100000100
101101101101101000110110
010111000101100010000111
000100101011101101101010
100111111100011110111101
011110101011110010100110
100111010010001111100100
100000100110100011010100
001111101101111101000110
110011111011101000001110
110110011111101010010001
000000101000111010101101
101111001101111101011000
010010001001111111111010
100111001010111110000110
010011111010100011100111
000111010011111010001001
101110100101010111110001
110110000110000011000001
001000011010011111001000
101101000111011001011000
011101001011000101101010
111001001011111110001100
001000110110101101101000
001011101110101011111101
010111100101110010011011
100011101010111100110011
010001111111110100001010
100001110000010001111101
101100001011111101110001
010110000110100011111010
011010111111110111001000
111101010001001111111101
000001000010011101101101
000001111000001001011111
101101100011011010100011
100001101000010111011101
010001011100000101011101
111100011010100001110010
100101001110000010001001
001110011001001001100101
110100100100101001101010
000001011111001010101101
010011111001000001101000
000110001101110110110111
001000000010110110100100
011111100110100101000010
011010111100101100111001
011101100101110010010010
101000011001110000101110
100010110011101010100001
111101100110100001101011
010000111010111000110011
100000100010001110000100
011110001110000110010111
110011011011001111111110
110000000010110100010011
110001111101100001100000
011001010110110100110010
010101111101011010110010
010101111001110110011111
001010110111000110000001
010000101001111111100001
000011010011001001110001
000000010110000100001000
010111100100000000110001
001110001110110110111011
111110000010110001101100
001110110111010001100001
000101110001101001001001
011000011110100101111011
010001001000011111000000
100000101000111001111100
111001010001001100001111
111010101010100110110010
111111000110001010000110
111111111001110001001011
100110111001111011101110
011011111111111011111110
110101001111010001000101
011111000010101000110111
101010001011100010110100
100100011001001110100010
001011111000010111100010
011011001011011111110110
010010011000111001110000
100100000011011101101010
001000011101101010001001
111101110100000100110001
111111110101100011010001
000000000101101000100110
101100001001000011100001
101000010111100011010001
101010101011001011100110
111011101100111001111101
001000101010010010010101
111111111100011001010000
100111110001011110001011
111111010000010000000110
001000100111010010011101
101100000100010100100011
010101011011000101110010
111110111010111111010101
110110100111001000111110
000010001110000001001111
101011011011111011101000
111101000111001110001001
101011101100000110010110
001001000010111001110000
001111000000111101110111
010110011111010010010010
100110010100010011111100
101001100001110011001110
100111001000110001111101
000001010001000000000000
100010110000101011011010
001011100000110111111110
101100011110101010010101
000101111100111011001100
111111110011111001010011
000000011101100110101100
100101110011100111001000
001110101110001010111000
101000111110011011110011
101001010100001000110000
100101101010001101011011
001101001101000001100101
111010111000100111111111
000111010111001110110100
001111000110010110100110
001001111000000001111000
011011111101100110110100
000100000101000011001010
100101000100011011101001
000100010100010101010100
100001011010010101100000
110110001101001001000110
011000001101111000110010
101101101101011110001100
111000010100010001011011
011001110110111011001011
101011010110110101111000
011010101010000100110010
010110101100001000011010
111001100001110010101110
100110001101111010010110
111001001100111110000001
011010101001101001011010
001000011010000110010101
011101000110111101110000
101010011100111100000010
100010001100111100101110
100010000010001101010011
000110101111110100010011
010010101001000001100110
011110100001000111110011
100011000110110111010000
000000000110001100001001
010110100011010011101010
100100111001011101000001
011000100000100010000100
001000101101000010111111
110101000011011001101011
011100100000000101101000
000110000011110111101110
011001011111111011111000
111101000111010100101000
001100100100100010110110
101101001101111010111111
110111111101001000111100
110101010001110001010101
011110010010000101110000
110011111111010001101110
011111011110011100011001
101111001110100111110111
011001010000000010001000
100100000101000010111110
111001001000110100101110
011000101001110001001011
011011110011011011000010
000101101111100011111100
110011011001110100001110
011111101010110000000010
011101111011000010000000
111000101000000111100011
110111011011101001001011
001000100000100111000010
111011000011110011101110
110100000111100000011000
000011111110111100100101
110000011101100101001101
000010001100001000001110
011001001101110101111110
000000110010010111100111
100100111100001100001101
111000011110100101111100
111011110111001101001101
001101110110101001010111
010101100001010011010110
001010001010010001110110
101000111011111101001100
100000011101111010000000
100011010011010110010000
000110001000100111111010
111001000001011010011100
101110111111101101101101
011111000011101011111000
001101001111000001010000
010100101101101101000011
001000101011110111111010
101010100000111101100101
010011000001101011001010
000010100110110110111001
011010110000110011011011
111110000110001100110011
000010011011000100101111
010011100100111111100100
100011100010101101011000
010010111010101011101111
110101001101001011000001
001010100011011101001101
010010110111001011101111
100100011001101010101101
011100101001110011010111
011011010110110111101101
000101110010101011001001
101001000010101110100011
010000110001001010010011
011000100010000110101111
010000000100110100100011
101010011011001001000110
100101000010110101110101
100111111110010110000110
111111100010011000100111
011001101111000011001111
000101100001111001111011
110101101011110101010010
001100001011110110000000
000010001011110111010101
101001001110000011101110
111111011001101100101011
110010111011010011001101
100011110101011111111111
001110000011010001011100
010100101000011101101000
001100110100111110011110
000011001010100100100010
111001101101011011110010
100111110111100110101110
010010000111010010111011
011100110000101100111101
010001000101100001010111
011100011001111001100001
110001110001011111101010
011100111101001010111101
100010111100111101110001
101100110100000111100111
101011001111001100000000
111101110011101011100111
011001011011110111011101
111001011011010111011100
111110111010000000010111
100110101001010101000101
000110101000100101101110
111100101111000010110111
001011110001001010010000
111000011001110010000011
100010110111100010111011
011000000110110101001101
111100101110001000001000
010011111100001101000001
010111011010110011010010
011110110100111001111011
001110010101001001010011
001011000101110000111101
011011110100011101010001
111111100011110101101011
100100001001000100010111
110010101101101001110100
011011010100001000100101
111010111100100100100101
010100110110000101101001
110100100011101011001101
101010010100010010011011
001001010000110001010011
111110011010001111000010
101010101011001011101100
101011000100001110101000
000100110010011110001111
100110110101000000111000
111011100111010000101100
011010000110011011101110
111111010110011000010010
000100010001111011000100
101111101010100011011110
110100110000010010111011
101111101011010100100010
000110001101011110001011
001110011010100110101011
111000101000001100010000
101111010010101001110100
010110101111010000100001
010101010100111111001111
101100011000100111110011
111010010101001010101101
100011100101001001001100
110001000000111100110100
111011001000100101100000
000000100001110101011000
000101010100000101100010
101011111100010010000101
101110100101011010100001
000010010111000101101011
101100010011101000010100
110100000000101101010101
001101110100001000011101
101110100000111111100101
100000111110010101000101
011100100110010111100101
000011001010001011100100
100110111001011110101001
010010111101001101011100
111000110100111001100101
110010100010101110001111
011111101001100001101101
000010100000001011010100
010010000010010000001010
011010111011001101100110
101110110101000100100011
110100100001100000000001
101011001000110111011111
010100001110101100100101
001011001011000011110010
000001101111001100111001
010011001000100110000011
110010000000010111000011
111010000010110110111011
110000001001111100010111
001011000101001001010000
111111000011001000011001
100101001110100100101101
010111000011100010001000
111001100111110101010000
011001101101110010011011
111000101010110011001110
001111110001111101111010
000000000000110010011000
010110101011100100101101
101100111101011011001010
000110011011100100010101
011000001011100100101000
010010000100111010011110
011010100111000010001101
100110101000100000111011
101111010001010100111011
100100001111101100100000
110100101000000001001110
100100110111110110110111
100001000011000011001100
100101010110010101110010
000100101001010110100001
000101111101000110100110
100011011000110010110011
111011010011101000100001
110100001101100100101011
000010110000101011000100
001101000101010100011000
111110000001000010001011
011011100010110001111111
010011000011101010001100
110000100101101101000010
010101101110111110000100
100110011001110100000110
001000010110001110100101
001110000001000110011110
010101100110101101010001
100101101101110001000110
110011001110011100010110
111110001010011010110101
110111111010010101001010
011111110100010000011001
010011010000111100110110
110100110100000010010101
110010110101001111011111
101000110001111010110111
110001010111010100001110
010001100110001110110110
110101000101010001011111
011110000101110100000111
000111011111100011110000
000100101001111111001110
110000110001010101011011
001111000001101111110110
110000010001001101100000
111010100010010000010111
110010011101100011110100
010011000001011001000111
110100100111010101110001
101001011101100100101011
110011010000101011001100
001110111001100001110000
011000010011111111111110
111001100010100110101110
001001010000101011111001
010110010100110000011100
111001010110100111001111
010100001011000110110010
010000000101100000111100
010011100010101111001100
100011011000100100011101
010101011011100100010110
101011001001001010100111
001000000001101101010111
100000001110010100011000
110010010100011010001101
010010000010011001010000
000001001111101110010111
110001111001110111010001
100010101101010111111010
100101000100100010111111
011101000000001100100101
011001100101011110101110
110111101010001111100011
100000001111110001100101
011000011011010010011001
111000000011111010101010
000010000010011111010001
101001110100011111000101
111111011110000011111000
011001011111100100100100
001001101110011011100101
010011010011101001111100
100100000011111100100111
111011110111111001000101
011011110010100011001011
100110111001111110010110
110110110111001001000100
110011001010110110100010
101011000010001010111000
000100101100001100100011
010111010111101101101001
001111000111011000100100
101001111101100010010100
111111010000011000100110
110011111110110011010110
010000011010010010010101
100000001001100001010101
110010010011101010011101
001110110001110100110110
111111000100101000000100
010101101100110110111001
100010000000100111011101
111001001001101001011101
000010111110111001110110
110000011111100001000101
100101010010101011110110
100000111000100001110011
101001001101110111010000
110101001000011100100010
001000001010001011010000
010010111010110010000110
011010001011101100101010
110111001100110010000001
010001000101011001100000
101000101001100101000111
010000100110010111101011
110010000010000110100101
101110000001101011010001
110010101101011001111000
111100010111101001011110
000001111000001000100010
110010110111111000101010
011001011111111100111001
011100111001100001101000
001011000101110101110110
011101101111111111010001
001011010101010111010010
000000100100000101001001
000111001000101111101101
000011100001100101110001
011010100001000101011001
110000011011001110011100
100101101001001011010010
110111110001111011000011
011000101001101000010011
010111111111111010100000
010000010001111101111000
100101010000111101101101
110000100101111010110011
101010001101001001101101
100011101000010110000111
000001110101010111000111
001010110100101010101000
110111110010100001011011
101010101111101010010011
111001100011011111010100
101001100000100010110010
111111001111101101001011
101110000110100111101111
000111011111111010111110
000101110110111100000000
001100001010110110110111
000100011110001101001001
111000011110001110001000
100010000001001111011101
110101010011000010100001
000010110101110001001110
000101011111011011101111
011011110011000111111100
101010111000101011001100
000101001000101111101100
101010010010010111011010
111001000000111001110000
111100100010100100010100
111000100010110010011011
010111101100101000011110
010010010001100000010001
001000000110111001110011
110110100001001000111101
000011111011010111000010
000011000010101110110000
011111101000101000100011
000010101011100101101100
101000110111011011100100
111111011010011101101111
111101000000000010101010
010101011001111010000100
001000101000100111001010
001010010111111101110010
000010100111011100000111
110010110110000001101010
000001100011011000001001
101100000000110101111001
110001001010110101001001
011011110011110110001101
110011100001011111100000
100101010010010111010110
001011101100101010110010
011001101011110001110011
000111010010100011010001
001000011001000000000111
111001010111010001100001
010010010100000100100010
111101001000101110111000
001101011100010001010111
111101001101111100000011
101001001000100010000010
100001011010010101001111
110111100111110000100100
111010000010000000001110
010101101111110100100111
010001110100111100111011
101000010110001011000100
001000011010010110111010
010111110001011001111101
010110001000110100011011
000011001100011111111011
110110000010011011111111
111101100010111010011001
010110101010000011011101
001111010010101011100011
101011001011110100011000
010010001001010111100011
011011000110010110001100
101110111111011110001101
111000011111101010110100
101000101010101111100011
000011110010010100111010
011101010100101011100111
110101001001001111110010
111101110111011010111010
101011111111101001001001
011010011001110000110000
100100010010000111100001
011110101010001001100111
000001010101101010010111
110111100100010010110010
111111011011011010000110
100011100101100010101101
000001101000010001100000
000000011011001011101111
101010111010001111100000
101111100001110011101000
010110111011011001110110
000010101100010100100011
110110101100101110001010
010000010000011001101111
000000100011111100100011
011000001011101100010011
100100111010011100000101
101010100010110100011100
101001111010100001000101
111101110110101001011011
001110001110011010000010
000011111001001100111101
010010000111011010110101
111000110111101011010001
111100011000000101101010
000010010001111101111110
001100001110100101000100
101100111101100010110010
100011110101000101001100
110111000000101001110111
101111111111110110000100
000000011101101101111000
010010011101111010101110
100001011001110110101101
010010101110010100101011
101100110010101111101100
100000111010110001110101
011000001101100011011011
000010100110101110011100
000000001000101111100101
110010010100010111101011
101111100001000101111101
011000111110000011000110
111110111010100010001110
111101001010000011010100
101110011111011111100011
011100100011101011001111
110000110100010001010010
010100110001110110010011
101011101111110101111101
010110110000110011000110
010101010011111000100111
101111010110011011011100
001001100111110000101110
000111101000100100010001
100111011001010101110000
011100101110001111001100
011101111100111101001111
110011000001011100110110
101100000010000100000011
101000100111110110101010
011110101011111111100010
001111001110001000100000
001111010011011010000011
100110101000011010001000
011101010001011101011101
001111011111110011110001
011011110100111011100000
110010001111111111100000
010110011011000101011001
101101110000101000001000
000100111001000100100001
100000101000111110011001
100000000101011100000101
010111011110110101100011
001001101110000110100111
101001011000001111000011
011001010111100111101000
000101000001010110001000
101010000000001000011110
001101100011111110100110
000110110011101100001111
011100111000101011000110
100110010111111110011111
001111110101011100101000
110110111001110101111100
100001000110100001000011
010000000101011101011000
110011100011010011011111
111010101100001010101001
011110111011110110110000
010001001111010011110010
111101010010010011101111
111101100101000011101111
010010101101100000111110
001011010000100011101111
000011100010100001000001
000110000101011000110000
100001010001000100100011
110010100000001111110101
011101111110011100111011
000010001100111110000011
000100011011000011101010
000011000110011000010101
001111100110101000010101
111110111011000001000101
101111111000110101100011
101011100000111100100011
100111011101100111111010
100011000101101011100011
110000101010101110000110
111101100101011011000111
011000011110010000010001
010100110000001011010110
000010111001001011111000
001100101011001111111000
011110011110000100000001
110010111101000011000111
000110101010111010001111
011010110101110101111101
110001100100001010001100
110111111000001110100011
010010100111111011101010
110001100011101000101110
111101001000000111000001
110111111101011011001011
100111000000111110011010
101000010110111001101110
000111101100010001111101
001000001001001000101111
000000100100111001001110
011101101011110010110101
110011111100101111000100
110011000011010110101110
101100100101101111001111
000000110101000100100001
000100010000011111011011
101110101001000111101101
010010100110110010100001
001011011011001000110110
010110011011110101110110
110110011000010100000110
000001010010110110100001
000110010100010000011111
000100111101111011110000
100000110011111011010000
011101001000100111001000
000011100101100001000101
011111011000010110100000
110111111101110111111011
011110010011101100001000
100100000000101010001110
110111111010101110111001
111100100010100010110010
001111011011101111100101
101000001100100000110101
110101100011000010010110
101000011010100111010000
000010111000001111101111
110111111111111110001010
000011001010111011011001
011001001011110101111000
001010100011111111111010
000010110110111100100001
111000010111110110010111
001101101010100110010110
101110000011101110101101
110000011011000000110101
110110101110001001101110
011101000101111101100101
001100111111010000010100
100100111010111001111010
100001000010000011101001
011001001111100110110010
101101001010001110100100
100011111011110000011001
010111101101111111111001
010101011010001110011001
000101111010000110010001
111101101000010000000110
110101101111111100010011
111000101101101101100010
101001011001001111010101
100100011101101001000110
110110010001111001101000
110001101110110111011111
011100000010010010000010
100000100001000001100110
111111110000110111001101
010000100110001010100110
001001101101101001100001
100000000100000111100010
110010000010001001110000
011111001000001111100000
001001110010111101000101
101101111101101011100001
010101111000011110110010
100001101001010111011100
101001000000110011011110
101111111111010110111110
010111101101001101111111
101011111011101010011010
111010110111000111111110
100111100000001001111101
011111010000111011000100
100110101010100111100101
010110110001011110001110
101111101010010111111100
100001011011101011000110
111101000111100110000000
110100100010000100000000
101100001010100110010010
010000101010001010110011
000010110100111000011011
010100111111110101000101
000111010011101100100111
011001011011010011001010
110010010010100011110110
101101100010010010101100
111000010000011111100100
010111011100010011100110
010001111010111100000110
011101100111101110001010
111101111111011110010110
011101010010001011010101
101111011010111101010100
101110101011110110011101
110011000100001101001110
100110011101100110110011
100110110001111100110100
110011001110110111001101
101001010100000001010111
011100001011001101010100
011011001101111101100000
110100100000001111001101
010110100001001100111010
010100010101000001001111
011101001011011001010101
001010000010011011111001
010001110101001111010101
011011010111011011111101
100000001110010110110010
000100000010000101000111
010100100000010010110001
000000010011001110000110
010110101010111101011110
000111010011100000111100
011001011001011000110110
000011010010111010000011
101001110011000100011110
010001101111000110101000
010001000101011000110011
101110101010010110011100
001001111110111000111000
101110101110011101011111
110110000111101010010010
011010011100001010010100
111001011101110011001101
110100110111001001001010
001000111101001100000101
000111101000110111011000
101110110100100001010001
111001011111100111110100
101001101010110010001101
110011101000000011111000
101110110000101110110011
001011011111010000101000
010010011110010110110101
000100000110101101011101
110101111001111100111001
011110011001101000111001
010100110001011110001110
100111011100101110011010
000000000011110010101111
100000011011110111110000
000011110101100101001111
001000100011110010111010
011000000001101011100011
011000010110100010111110
101110101101011101100011
011011111010001000010010
100001001100111100001010
111100010111111000101100
111111010000101011001101
011100111010001100001000
101010111011000001000100
111111110110100101011010
011010001000001001110000
010101101010000110010010
101111101011100011111111
101010100000100101111001
000010100111111101111011
111000011010011001100001
110001101100101110100010
000011000011101101100000
000100110100110111110011
001101001110011000110100
100100110001111011001101
100000011001101110111010
001000111100101100101110
001100100001111110010001
100110100010111111011110
001101110111001001010000
010101101011010000111011
111010011111010101101011
111101101111000100000100
010110110011110100010110
101010110000100101001110
100111001111101110110011
000101100110100001001110
100000000011101010111110
001000011111101100101110
100011101001110011100011
101010010000100011111111
001000101000010001000100
011000101101110001000101
101101011011000010010011
000011110101101101010010
011000001110011101100011
110010011001010010111110
011001111001110011111101
101101101101001000110110
100010001011110010011001
100100000010110010010101
110001100100011111001110
101010100110110011110100
110010110111001011111101
001001101110011010101100
010101001111001100101011
100101111010100111000101
110100001110001111001010
110001010010010010011000
010101011110101010000110
000101010001000101011001
111101101110010011000111
000111001000100010110010
000110001001100111010111
101000001101110010110100
110110000001000001000011
101110111010110000110010
000001000011000001100110
010111000010000101001010
001010010001010000100111
101110011011111111110011
010101110111111101010001
011100011110010110110011
001111100001000011100000
111110101001011110011000
011010011110111010110010
111010111111000010011110
111001100001110111000111
101110010111010011110010
110001110010001110000011
010000101100100100000111
010111011110110001111100
101011001101000011110101
011010100000010001111111
111111101000011000001100
111110001111110000000110
001000100001001110011011
001100011011001101001111
011101000000010010111101
110011011000011001011101
011010010000111100110111
100100100010100111110011
001010110010110010011001
000001111011110011011000
100010011111011101011100
110110110000110110000010
110001010001110111010111
010011011001101110100011
101011110001011111000001
111010111111001000100100
101101111001000111011001
011011011000001101011111
101110010100110001000000
010011001000001110110100
101111100010111111110001
111110110101111000000011
100011111111110100100110
011101011000110010111001
101111101100111111011011
011010101111110101011110
111111111011111110000000
010000000001001010110010
111010101101111100001011
010111000000010101100010
000000001011110001110000
011101001000101111001110
100010001000110010110110
100001101111000110010100
010010111000110100100100
001111101110110000000001
110111010001000100011111
001101101111110111111111
000001001111011000101011
011001100111001100001000
101001000110011101110001
111111110001100100101100
100101111111001010100011
100000101001100011000111
101010101110110100111010
110101010011000011110000
111100100111110101101110
001111100101010100111110
010110110110111010101101
000111100100101101001000
000011000011111001111100
111111001000100111101101
111010011110000011001101
001000001111011010001000
100100101101000110111101
011010101011110001110001
000110011011101010100010
101001100110101010100000
100111011101110110001111
101100110010101000001111
000001010000001110100101
010111011001111000100011
000111011100001011111000
110111100101011101110111
000010101110001101101011
011100010001010110111111
111100000110011101001100
010011010101110010010011
101101101101001000001000
010100100001011111011100
100000010101000010111001
000101111001100100101110
000100010101110111101010
100111011001101000010101
100001100000001111000000
101110010100001011110011
010011110110101101000101
100110000001011000110000
010000011011110111100100
011111000011110101101011
111111101110001100101101
010100011010110110011101
000000011011110100101010
010110010100100001110000
110000001111000101001111
001101000001100001101111
110011000100001010011001
100100101111001111100101
010110010001010111001111
111110101100110101000000
111110001100101110011111
011011000101110011000000
010010111100010101001111
110111011110101101110111
010000100000011100000101
101100000000011101011101
111000100101011110110110
010111111110000010011010
011000101000101010101000
001000100111001011110101
001010110100010101101010
100110100001010110011011
000000101010111011100010
101011011001011011100010
110101011110101010010001
000000111011011000100111
111100010011110011011100
101100110101011011111010
001100010110101011110010
110100011111110111110011
001100010111000000110100
101100010100011011101010
001001110110110000111001
000100101110001010100001
111110011110001011010111
110000101111010010110011
010101111010101101110110
110111110011001110010011
110000101101011111110001
000101000110010110101110
110000001110100001101110
011000001111100000111000
001110111000001110101010
100111001000100101100010
100110000100011110100100
010101001101011000110100
101110000101111111111110
000100010001101101101100
000100101000000001101000
001000111001010000000101
110100110000011111101110
001111010010001101011101
001001011001100010101100
111001101101000000110100
111011101001101001001011
000010001100101011000101
110111010100111110011011
010100111111101001110000
010111101000000000001000
000101010011000000010000
100110100110011011111101
101001011101100010111110
101001101100101110100011
000010011101000111000011
010010011111100110101000
100000101011011011100110
101000010100111110000011
001111111010111011001100
110001011110101101100011
111111000001000111011000
001110001001001111101101
010100111010110010011010
101111001111110011101001
000101000011110111011111
111111101111001010001111
010000000101101001000010
110100001011110011100100
011011110001000011101111
110111000010000000010100
000000011000011011101111
001010100111110100111000
101111110111010010100111
000001100111111011001111
110110111011101010101011
010100001111111101111100
010001001111001111111001
100011100010000001110001
000101000010001000010001
110101100000000110001111
000001101101011101001111
000101001010001010101111
001000010100001010011001
110110011110011011110010
100111011100100111111100
010111011100000110110111
111101110110111001111011
001100110100001101100110
001011000001101001101100
101001101000011110011011
000101000001101000010111
100110000011001110001100
001000001110001010101111
111100100100110111100000
100011010011011010000100
000100100000010010111111
001100100000001110110011
011011011001101111001101
000111000100010100011100
100111001010110010011011
001000000100000101000010
011010110111001001100111
100101110010100000010110
001100110010000101001011
011000110001011101110010
010100001101001101011100
111100001100000001101110
010001101011000110100000
001011000101100111111110
111010011110001000110001
110100110000010010000000
010110100001111110000001
011010001101110111100010
100111011011010000111111
110011110111001000101100
011000010010101111010101
000011010010111000001111
001110000100110101011000
110001010111011001011101
001110000101110000100111
000000001111100111000110
100010010000100100100001
101101111001101000000011
101101101100101111111101
010101000110001100010011
101010011010110101001000
000110010111011001001001
010111101110001011000000
011110110010011111100101
001100110011100100100011
010101100111011001000111
011000011001001100011101
000011111101111010101100
001011010101010000001100
000111001010010001010111
011010100000010001101001
000100101011101010000011
111111010001101001000101
011110011110010010110100
110010010011111011011111
010110000010000011000101
010100011001100000001100
111110100010100111000000
110001101111001010001010
110000100000011010001011
011110110110111010011010
010001100010110000111100
010100111001010011110111
111110100011011100100011
001010101101100111000000
101101110000101011111011
000111100111011110100011
101110000010010111010101
111000011001111001100001
111000000000111001011101
001001001111101010110100
011011010010111001111110
010110111001001100101010
111011001101011000101011
000010110010110010001011
001101110110000011010110
110101010000100000010111
101111110111000001111111
110110110011010010111101
101000110110110011111001
000111000101000110100010
101110111000011101011101
011010011110000111000101
111111110010111011111001
011010111010101111111011
000111001101110010010011
000100101100000000101100
100100000000111001011011
001001101011011110101011
100010100100001011000110
000010001100010111110100
000111011000101001101110
001110011001100001101101
001110100010000111010010
110001011100100011001010
000100100100111000101000
000011011100111110010000
010010101110010001010100
101100101010110110010000
011111000110111110000111
110011001100111101001011
000011001110100110011000
010101000111110011111110
100110011111110101111110
000111110010011111110101
110101011110101110101000
111110100000101011000000
011110101110001010110010
110000011101101000000011
001101010101010100011011
000101011010111000001111
100111100001111010111000
110010010000101001101101
101000100000010100001010
001110001100100001000110
110000010001100101111001
001111110101000101101110
010001001101010101001011
